-1.73472e-13 -1.73472e-13 -1.73472e-13 8.67362e-14 0 0 0 -5.42101e-14 0 3.90313e-13 -1.30104e-13 0 0 0 -3.46945e-13 0 0 0 0 0 0 0 0 0 0 0 0 0 0 0 0 0 0 0 0 0 -3.46945e-13 0 0 -8.67362e-14 -1.73472e-13 -2.1684e-13 6.50521e-14 1.0842e-14 0 1.30104e-13 -8.67362e-14 8.67362e-14 0 0 
1.73472e-13 -8.67362e-14 -3.46945e-13 8.67362e-14 -8.67362e-14 4.33681e-14 -8.67362e-14 6.50521e-14 2.60209e-13 0 0 0 0 0 -1.73472e-13 0 0 0 0 0 0 0 0 0 0 0 0 0 0 0 0 0 0 0 0 1.73472e-13 0 0 0 0 -1.73472e-13 7.04731e-14 -8.67362e-14 0 0 1.0842e-14 0 0 0 1.73472e-13 
0 1.73472e-13 8.67362e-14 0 -1.0842e-13 -1.30104e-13 1.0842e-13 -1.84314e-13 0 8.67362e-14 0 0 -3.46945e-13 0 0 0 -1.0842e-14 0 0 0 0 0 0 0 0 0 0 0 0 0 0 0 0 0 0 0 0 0 0 0 0 0 0 0 -4.33681e-14 1.6263e-13 1.73472e-13 -8.67362e-14 0 0 
8.67362e-14 0 0 8.67362e-14 2.57498e-14 -4.87891e-14 -1.0842e-14 -2.1684e-13 0 0 3.46945e-13 0 -1.73472e-13 0 0 0 0 0 0 0 0 0 0 0 0 0 0 0 0 0 0 0 0 0 0 0 0 0 0 -3.46945e-13 0 0 0 7.58942e-14 -6.50521e-14 -7.58942e-14 -2.71051e-14 -5.96311e-14 0 2.60209e-13 
0 0 0 -7.58942e-14 -3.25261e-14 0 0 1.73472e-13 0 0 -1.73472e-13 0 0 0 0 3.38813e-16 -8.47033e-17 0 0 0 0 0 0 0 0 0 0 0 0 0 0 0 0 0 0 0 0 2.1684e-14 0 0 -1.73472e-13 0 0 -8.67362e-14 0 6.50521e-14 6.50521e-14 -4.33681e-14 8.67362e-14 0 
8.67362e-14 8.67362e-14 -1.0842e-13 1.6263e-14 -8.67362e-14 0 1.73472e-13 -1.73472e-13 0 -1.73472e-13 0 -4.33681e-14 0 0 0 0 0 0 0 0 0 0 0 0 0 0 0 0 0 0 0 0 0 0 0 0 0 2.71051e-15 0 4.33681e-14 0 0 0 0 8.67362e-14 8.67362e-14 0 -6.50521e-14 0 0 
-5.42101e-14 0 6.50521e-14 1.13841e-13 1.30104e-13 0 0 -1.73472e-13 0 0 0 0 0 0 0 0 8.27181e-20 0 0 0 0 0 0 0 0 0 0 0 0 0 0 0 0 0 0 0 0 0 0 1.0842e-14 0 0 0 3.46945e-13 -1.73472e-13 0 -1.38913e-14 -2.1684e-14 7.58942e-14 0 
1.73472e-13 -8.67362e-14 0 8.67362e-14 0 0 0 0 0 0 0 0 0 -1.05879e-17 0 0 0 0 0 0 0 0 0 0 0 0 0 0 0 0 0 0 0 0 0 0 0 0 0 0 0 0 0 0 0 0 0 8.67362e-14 2.38524e-13 8.67362e-14 
0 8.67362e-14 0 0 -3.46945e-13 -3.46945e-13 0 -8.67362e-14 0 0 0 0 0 0 0 0 0 0 0 0 0 0 0 0 0 0 0 0 0 0 0 0 0 0 0 6.46235e-22 0 0 0 -1.69407e-16 1.35525e-15 0 0 0 0 0 0 0 -2.74439e-14 2.56143e-13 
1.30104e-13 0 0 0 0 0 -8.67362e-14 -2.1684e-14 0 0 4.23516e-17 0 0 0 0 0 0 0 0 0 0 0 0 0 0 0 0 0 0 0 0 0 0 0 0 0 0 0 0 0 0 0 0 0 -1.73472e-13 0 -3.46945e-13 0 -1.73472e-13 -4.33681e-14 
0 0 0 0 0 0 0 0 0 0 0 0 5.16988e-21 0 0 0 0 0 0 0 0 0 0 0 0 0 0 0 0 0 0 0 0 0 0 0 0 0 -2.06795e-20 0 0 0 0 0 0 0 3.46945e-13 0 1.73472e-13 -8.67362e-14 
0 0 0 0 0 0 0 0 0 0 0 0 0 0 0 0 0 0 0 0 0 0 0 0 0 0 0 0 0 0 0 0 0 0 0 0 0 0 -6.46235e-22 0 0 1.05879e-17 0 0 -1.0842e-14 4.33681e-14 0 -3.46945e-13 0 -1.73472e-13 
0 0 0 0 0 0 0 0 0 0 0 0 0 -1.2326e-27 0 0 0 0 0 0 0 0 0 0 0 0 0 0 0 0 0 0 0 0 0 0 0 0 0 0 0 0 1.05879e-17 0 0 0 0 0 0 0 
3.46945e-13 0 0 0 0 0 0 0 0 0 0 0 0 0 0 0 0 0 0 0 0 0 0 0 0 0 0 0 0 0 0 0 0 0 0 0 0 0 0 0 0 2.06795e-20 0 0 0 0 0 -8.67362e-14 0 0 
0 0 0 0 0 0 0 0 0 0 0 0 0 0 0 0 0 0 0 0 0 0 0 0 0 0 0 0 0 0 0 0 0 0 0 0 0 0 0 0 0 0 0 0 0 0 0 0 0 0 
-3.46945e-13 0 0 0 0 4.23516e-17 0 0 0 1.26218e-24 0 0 0 0 0 0 0 0 0 0 0 0 0 0 0 0 0 0 0 0 0 0 0 0 0 0 0 0 0 0 0 0 0 0 0 0 0 0 0 1.73472e-13 
0 0 0 0 0 0 -8.27181e-20 0 0 0 0 0 0 0 0 0 0 0 0 0 0 0 0 0 0 0 0 0 0 0 0 0 0 0 0 0 0 -4.59177e-36 0 0 0 0 0 0 0 0 0 0 0 0 
0 0 1.35525e-15 0 0 0 0 0 0 0 0 4.70198e-33 0 0 0 0 0 0 0 0 0 0 0 0 0 0 0 0 0 0 0 0 0 0 0 0 0 0 0 -1.88079e-32 0 0 0 0 0 0 0 0 0 0 
0 0 0 -1.05879e-17 0 0 0 0 0 0 0 0 0 0 0 0 0 0 0 0 0 0 0 0 0 0 0 0 0 0 0 0 0 0 0 0 0 0 0 0 0 0 0 0 6.46235e-22 0 0 0 0 0 
0 0 0 0 0 0 0 0 0 0 0 -1.79366e-38 0 0 0 0 0 0 0 0 0 0 0 0 0 0 0 0 0 0 0 0 0 0 0 0 -1.67048e-47 0 2.8026e-40 0 0 0 0 0 0 0 0 0 0 0 
0 0 0 1.65436e-19 0 0 0 0 -6.01853e-31 0 0 0 0 0 0 0 0 0 0 0 0 0 0 0 0 0 0 0 0 0 0 0 0 0 0 0 -1.30506e-49 0 0 0 0 0 0 0 0 0 0 0 -8.47033e-17 0 
0 4.23516e-17 0 0 0 0 0 0 0 0 0 0 0 0 0 0 0 0 0 0 0 0 0 0 0 0 0 0 0 0 0 0 0 0 0 0 0 0 0 0 -1.79366e-38 0 0 0 -7.88861e-26 0 0 0 0 -1.69407e-16 
0 0 0 0 0 0 0 0 -1.46937e-34 0 0 0 0 0 0 0 0 0 0 0 0 0 0 0 0 0 0 0 0 0 0 0 0 0 0 0 0 0 0 0 0 0 0 0 1.2326e-27 0 0 0 1.32349e-18 0 
0 0 0 0 0 0 0 0 0 0 0 0 0 0 0 0 0 0 0 0 0 0 0 0 0 0 0 0 0 0 0 0 0 0 0 0 0 0 0 0 0 0 0 0 0 0 0 0 0 0 
0 0 0 0 0 0 0 0 0 0 0 0 0 0 0 0 0 0 0 0 0 0 0 0 0 0 0 0 0 0 0 0 0 0 0 0 0 0 0 0 0 0 0 0 -6.01853e-31 0 0 0 0 0 
-5.29396e-18 0 0 0 2.46519e-27 0 0 0 0 0 0 0 0 0 0 0 0 0 5.99255e-90 0 0 0 0 0 0 0 0 0 0 0 0 0 0 0 0 0 0 0 0 0 -1.33638e-46 0 0 0 0 0 0 0 0 0 
0 0 0 0 -1.97215e-26 0 0 0 0 0 0 0 0 0 0 0 0 0 0 0 0 0 0 0 0 0 0 0 0 0 0 0 0 0 0 0 0 0 0 0 0 0 0 0 0 0 0 0 0 0 
0 0 0 0 -3.15544e-25 0 0 0 0 0 0 0 0 0 0 0 0 0 0 0 0 0 0 0 0 0 0 0 0 0 0 0 0 0 0 0 0 0 1.30506e-49 0 0 0 0 0 0 0 0 -1.29247e-21 0 0 
0 0 1.65436e-19 0 0 0 0 0 0 0 0 0 0 0 0 0 0 0 0 0 0 0 0 0 0 0 0 0 0 0 0 0 0 0 0 0 0 0 0 0 0 0 0 0 0 0 0 0 -1.32349e-18 0 
0 -8.47033e-17 0 0 0 0 0 0 0 0 0 0 0 0 0 0 0 0 0 0 0 0 0 0 0 0 0 0 0 0 0 0 0 0 0 0 -1.01958e-51 0 0 0 0 0 0 0 0 0 0 0 0 0 
0 0 0 0 0 0 0 0 0 0 0 0 0 0 0 0 0 0 0 0 0 0 0 0 0 0 0 0 0 0 0 0 0 0 0 0 0 0 -4.37906e-42 0 0 0 0 0 -5.04871e-24 0 0 0 0 0 
0 0 -8.47033e-17 0 0 0 0 0 0 0 0 0 0 0 0 0 0 0 0 0 0 0 0 0 0 0 0 0 0 0 0 0 0 0 0 0 0 0 0 0 0 0 -4.93038e-27 0 0 0 0 0 0 0 
0 0 0 0 0 0 0 0 0 0 0 0 0 0 0 0 0 0 0 0 0 0 0 0 0 0 0 0 0 0 0 0 0 0 0 0 0 0 -2.29589e-36 0 0 0 0 0 0 0 0 0 0 0 
0 0 0 0 0 0 0 0 0 0 0 0 0 0 0 0 0 0 0 0 0 0 0 0 0 0 0 0 0 0 0 0 0 0 0 0 0 0 0 0 0 0 0 0 0 0 0 6.77626e-16 0 -4.33681e-14 
0 0 0 0 -8.47033e-17 0 0 0 0 0 0 0 0 0 0 0 0 0 0 0 0 0 0 0 0 0 0 0 0 0 0 0 0 0 0 0 0 0 0 -7.70372e-29 0 0 0 0 1.32349e-18 0 0 0 0 0 
0 0 0 0 0 0 0 0 0 0 0 0 0 0 0 0 0 0 0 0 0 0 0 0 0 0 0 0 0 0 0 0 0 0 0 0 0 0 0 0 0 0 0 0 0 -3.38813e-16 0 2.1684e-14 0 0 
0 0 0 0 0 0 4.23516e-17 0 0 0 0 0 0 0 0 0 0 0 0 0 0 0 0 0 0 0 0 0 0 0 0 0 0 0 0 0 0 0 0 0 0 0 0 0 0 0 0 0 0 0 
0 0 0 0 0 0 0 0 0 0 0 0 0 0 0 0 0 0 0 0 0 0 0 0 0 0 0 0 0 0 0 0 0 0 0 0 0 0 0 0 2.58494e-21 0 0 0 0 0 0 0 0 0 
0 0 0 0 0 0 0 0 0 0 0 0 0 0 0 0 0 0 0 0 0 0 0 0 0 0 0 0 0 0 0 0 0 0 0 0 0 0 0 0 0 0 0 0 0 0 0 0 0 0 
0 0 0 0 0 0 0 0 0 0 1.32349e-18 0 0 0 0 0 0 0 0 0 0 0 0 0 0 0 0 0 0 0 0 0 0 0 0 0 0 0 0 0 0 0 0 0 0 0 0 0 0 -3.46945e-13 
0 0 0 0 0 0 0 0 0 0 0 0 0 0 0 0 0 0 0 0 0 0 0 0 0 0 0 0 0 0 0 0 0 0 0 0 0 0 0 0 0 0 0 0 0 0 0 0 0 -1.73472e-13 
0 0 0 0 0 0 0 0 0 0 0 0 0 0 0 0 0 0 0 0 0 0 0 0 0 0 0 0 0 0 0 0 0 0 0 0 0 0 2.64698e-18 0 0 0 0 0 0 0 0 0 0 0 
-1.73472e-13 0 0 0 0 0 0 0 0 0 0 0 0 0 0 0 0 0 0 0 0 0 0 0 0 0 0 0 0 0 0 0 0 0 0 0 0 0 0 0 0 0 0 0 0 0 0 0 0 -1.73472e-13 
0 0 0 0 0 0 0 0 0 0 0 0 0 0 0 0 0 0 0 0 0 0 0 0 0 0 0 0 0 0 0 0 0 0 0 0 0 0 0 0 0 0 0 0 0 0 0 0 1.73472e-13 0 
1.73472e-13 0 0 0 0 0 0 0 0 0 0 0 0 0 -8.47033e-17 0 0 0 0 0 0 0 0 0 0 0 0 0 0 0 0 0 0 0 0 0 0 0 0 0 0 0 0 0 -1.73472e-13 0 0 -1.73472e-13 0 1.73472e-13 
0 0 0 0 0 -6.50521e-14 0 0 0 0 0 0 0 0 0 0 0 0 0 0 0 0 0 0 0 0 0 0 0 0 0 0 0 0 0 0 0 0 0 0 0 0 0 0 0 0 0 0 0 -1.73472e-13 
0 0 0 0 0 0 0 0 0 0 0 0 0 0 0 0 0 -4.23516e-17 0 0 0 0 0 0 0 0 0 0 0 0 0 0 0 0 0 0 0 0 0 0 0 0 0 0 0 0 4.33681e-14 0 0 8.67362e-14 
-8.67362e-14 0 -1.73472e-13 0 0 0 0 0 0 0 0 0 0 0 0 0 0 0 0 0 0 0 0 0 0 0 0 0 0 0 0 0 0 0 0 0 0 0 0 -3.46945e-13 0 0 0 0 0 1.73472e-13 4.33681e-14 8.67362e-14 2.1684e-14 0 
0 0 0 0 0 0 0 0 0 0 0 0 0 0 1.73472e-13 0 0 -5.42101e-15 0 0 0 0 0 0 0 0 0 0 0 0 0 0 0 0 0 0 0 0 0 0 0 0 0 0 4.33681e-14 0 0 0 0 0 
0 0 0 0 0 0 0 0 0 0 0 0 0 0 0 0 0 0 0 0 0 0 0 0 0 0 0 0 0 0 0 0 0 0 0 -1.73472e-13 0 0 0 0 0 0 0 0 0 0 2.1684e-14 0 0 0 

6.76994 71.3988 114.956 132.065 125.147 103.3 76.0998 51.2359 32.3379 19.7024 11.9206 7.27497 4.43401 2.66289 1.51896 0.804997 0.389176 0.170072 0.0662344 0.0227645 0.00683566 0.00177479 0.000394223 7.41109e-05 1.18154e-05 3.03344e-06 1.18134e-05 7.40987e-05 0.000394129 0.00177437 0.00683386 0.0227585 0.0662179 0.170028 0.389655 0.804939 1.51895 2.66292 4.45055 7.27503 11.9207 19.7024 32.3379 51.2359 76.0997 103.3 125.334 132.065 114.957 71.3988 
71.3988 108.094 124.227 119.805 100.176 74.4115 49.5661 30.1153 17.0667 9.29901 5.04079 2.7833 1.55302 0.865059 0.459374 0.226652 0.101766 0.041204 0.0148154 0.00468711 0.00129131 0.000306818 6.21896e-05 1.06446e-05 1.5381e-06 3.58932e-07 1.53808e-06 1.06425e-05 6.21875e-05 0.000306724 0.00129121 0.00468529 0.0148127 0.0411892 0.101908 0.226593 0.459329 0.865012 1.56126 2.78335 5.04088 9.29903 17.0667 30.1153 49.5661 74.4115 100.394 119.805 124.227 108.094 
114.956 124.227 117.791 99.0774 73.9647 49.6084 29.8441 16.283 8.20381 3.93071 1.86479 0.908964 0.455306 0.233169 0.114884 0.0527188 0.0219769 0.00824213 0.00273501 0.000795574 0.000200896 4.36074e-05 8.05296e-06 1.25216e-06 1.63647e-07 3.46001e-08 1.63647e-07 1.25214e-06 8.05293e-06 4.36053e-05 0.000200893 0.000795481 0.0027346 0.0082402 0.0220122 0.0526958 0.114835 0.2331 0.458965 0.908958 1.86485 3.93077 8.20387 16.283 29.844 49.6084 74.2047 99.0773 117.791 124.227 
132.065 119.805 99.0774 74.3179 49.9858 30.4217 16.5685 8.12152 3.62753 1.51326 0.614994 0.256633 0.111896 0.0518669 0.0235419 0.0100213 0.00387177 0.00134431 0.000411447 0.000109959 2.54238e-05 5.03616e-06 8.46134e-07 1.19346e-07 1.40869e-08 2.69235e-09 1.40869e-08 1.19346e-07 8.46133e-07 5.03614e-06 2.54237e-05 0.000109957 0.000411352 0.00134418 0.00388218 0.0100152 0.0235252 0.0518222 0.113339 0.256564 0.614964 1.5133 3.62762 8.12159 16.5685 30.4217 50.2332 74.3178 99.0774 119.805 
125.147 100.176 73.9647 49.9858 30.3527 16.7523 8.21015 3.56149 1.36247 0.457471 0.133899 0.0338574 0.00675738 0.00126553 0.000193116 2.45148e-05 -1.4091e-07 -1.86814e-08 -1.47441e-09 -2.11626e-10 -8.95222e-12 -9.65215e-13 -9.71765e-15 -7.06695e-16 -5.24625e-17 -6.58852e-18 -5.47225e-17 -8.5858e-16 -9.38361e-14 -1.04721e-12 -2.88811e-11 -2.37051e-10 -3.54061e-09 -3.08981e-08 2.34951e-06 2.26902e-05 0.000190383 0.00125079 0.00727161 0.0337844 0.133829 0.457435 1.36252 3.56157 8.21021 16.7523 30.5927 49.9857 73.9648 100.176 
103.3 74.4115 49.6084 30.4217 16.7523 8.47451 3.8026 1.50744 0.525874 0.1607 0.0427731 0.00983901 0.00176147 0.000303411 4.29671e-05 4.96335e-06 -1.27991e-08 -2.77252e-10 -1.80326e-11 -1.19619e-12 -3.54516e-14 -2.89005e-15 -5.15407e-17 -3.1526e-18 -3.44529e-20 -3.16995e-21 -1.62255e-19 -3.27679e-18 -2.06278e-16 -3.07244e-15 -1.18373e-13 -2.06724e-12 -3.779e-11 -2.3667e-09 4.51493e-07 4.86968e-06 4.25505e-05 0.000301486 0.00192338 0.009803 0.0426998 0.160637 0.525842 1.50748 3.80265 8.47458 16.971 30.4217 49.6084 74.4115 
76.0998 49.5661 29.8441 16.5685 8.21015 3.8026 1.5585 0.56272 0.178281 0.0493707 0.0118965 0.00248049 0.000392621 6.17488e-05 8.02982e-06 8.43815e-07 -2.10638e-10 -8.81217e-12 -9.11757e-13 -3.44108e-15 -9.19435e-17 -3.12303e-18 -3.43356e-20 -1.54606e-21 -1.12839e-23 -8.11769e-25 -5.78513e-23 -1.59787e-21 -1.60658e-19 -5.52153e-18 -2.44577e-16 -8.75101e-14 -1.01425e-12 -2.86106e-11 7.09384e-08 8.41737e-07 7.93545e-06 6.16153e-05 0.000440529 0.0024656 0.0118604 0.0493101 0.17821 0.562673 1.55853 3.80266 8.39733 16.5685 29.8441 49.5661 
51.2359 30.1153 16.283 8.12152 3.56149 1.50744 0.56272 0.18438 0.0528423 0.0131978 0.0028672 0.000537878 7.40649e-05 1.06277e-05 1.25089e-06 1.19178e-07 -1.45237e-12 -6.0239e-14 -2.80981e-15 -4.46063e-17 -2.60937e-18 -1.78464e-21 -2.04338e-23 -3.87629e-25 -2.89155e-27 -1.12565e-28 -1.04743e-26 -6.51168e-25 -6.64046e-23 -1.30147e-19 -2.75559e-18 -1.98915e-16 -4.9767e-15 -1.42784e-13 9.08833e-09 1.19153e-07 1.24879e-06 1.06154e-05 8.61608e-05 0.000535936 0.00285228 0.0131739 0.0527681 0.184298 0.562664 1.50747 3.71155 8.12158 16.283 30.1153 
32.3379 17.0667 8.20381 3.62753 1.36247 0.525874 0.178281 0.0528423 0.0136476 0.00306002 0.000594585 9.95067e-05 1.16645e-05 1.52082e-06 1.62127e-07 1.39804e-08 -2.95469e-14 -2.30907e-15 -3.67257e-18 -6.26959e-20 -1.53633e-21 -1.0309e-23 -3.40946e-25 -1.39471e-27 -3.40283e-29 -7.42217e-31 -3.45816e-29 -9.11994e-27 -3.49324e-25 -5.69665e-23 -2.72858e-21 -1.88508e-19 -1.59691e-16 -2.49193e-15 9.63898e-10 1.39796e-08 1.62102e-07 1.51871e-06 1.42388e-05 9.93724e-05 0.00059264 0.00305362 0.0136112 0.0527608 0.178193 0.525805 1.47483 3.62762 8.20386 17.0667 
19.7024 9.29901 3.93071 1.51326 0.457471 0.1607 0.0493707 0.0131978 0.00306002 0.000612838 0.000105699 1.56681e-05 1.52083e-06 1.79497e-07 1.72993e-08 1.34617e-09 -9.13681e-17 -3.0795e-18 -3.04094e-20 -1.32363e-21 -3.80921e-25 -2.61917e-27 -3.35486e-29 -8.45118e-32 -1.51146e-33 -2.34044e-35 -1.53109e-33 -6.47676e-31 -5.99894e-29 -1.01998e-26 -4.76552e-23 -1.37592e-21 -1.57378e-19 -5.47146e-18 8.36113e-11 1.34609e-09 1.72984e-08 1.79471e-07 1.9858e-06 1.56558e-05 0.000105565 0.000610894 0.00304498 0.0131572 0.0492856 0.160595 0.535736 1.51333 3.9308 9.299 
11.9206 5.04079 1.86479 0.614994 0.133899 0.0427731 0.0118965 0.0028672 0.000594585 0.000105699 1.60932e-05 2.0979e-06 1.62129e-07 1.72993e-08 1.50407e-09 1.05364e-10 -2.60142e-18 -1.75672e-21 -1.9053e-23 -3.36038e-25 -1.28131e-27 -3.04972e-29 -1.63897e-33 -4.48744e-36 -3.0282e-38 -3.33866e-40 -5.42349e-38 -2.29162e-35 -5.73617e-31 -3.11041e-29 -8.9539e-27 -6.00422e-25 -6.51038e-23 -1.29747e-19 5.88053e-12 1.05364e-10 1.50399e-09 1.72984e-08 2.33407e-07 2.09579e-06 1.60808e-05 0.000105565 0.000592598 0.00285017 0.011854 0.042673 0.184426 0.614976 1.86486 5.04082 
7.27497 2.7833 0.908964 0.256633 0.0338574 0.00983901 0.00248049 0.000537878 9.95067e-05 1.56681e-05 2.0979e-06 2.38662e-07 1.39807e-08 1.34617e-09 1.05364e-10 6.6305e-12 -1.50878e-21 -9.28433e-24 -2.99333e-25 -3.72018e-29 -1.61879e-31 -1.50361e-33 -2.21537e-36 -2.85811e-38 -2.95435e-43 -2.50014e-45 -2.81593e-40 -2.88709e-38 -2.09164e-35 -2.69079e-33 -7.19719e-31 -7.78643e-27 -3.07689e-25 -5.56623e-23 3.31764e-13 6.6305e-12 1.05364e-10 1.34609e-09 2.30896e-08 2.38637e-07 2.09579e-06 1.56558e-05 9.93592e-05 0.000535067 0.00246258 0.00978538 0.0639431 0.256528 0.908948 2.78333 
4.43401 1.55302 0.455306 0.111896 0.00675738 0.00176147 0.000392621 7.40649e-05 1.16645e-05 1.52083e-06 1.62129e-07 1.39807e-08 -2.28241e-15 -4.05772e-18 -5.81117e-20 -1.30636e-21 -4.1662e-25 -2.60217e-27 -3.33674e-29 -7.94535e-32 -1.39338e-33 -3.27904e-38 -5.66169e-41 -2.78674e-43 -1.64309e-46 -2.32591e-48 -2.02947e-45 -4.97649e-43 -3.31484e-40 -1.89626e-35 -1.41308e-33 -6.42325e-31 -5.95542e-29 -1.10071e-26 -4.70148e-23 -2.48449e-21 -2.03986e-19 -1.5759e-16 9.63924e-10 1.39798e-08 1.62103e-07 1.51872e-06 1.16488e-05 7.36309e-05 0.000389441 0.00173674 0.0232109 0.111772 0.4552 1.55302 
2.66289 0.865059 0.233169 0.0518669 0.00126553 0.000303411 6.17488e-05 1.06277e-05 1.52082e-06 1.79497e-07 1.72993e-08 1.34617e-09 -4.05772e-18 -5.81797e-20 -1.30941e-21 -4.15212e-25 -2.50276e-27 -3.02103e-29 -1.76005e-33 -4.49197e-36 -3.0418e-38 -2.79895e-41 -2.65418e-43 -1.20902e-48 -8.19945e-52 -5.95797e-54 -6.39316e-51 -1.89406e-45 -2.6734e-43 -3.05938e-40 -5.42875e-38 -2.43514e-35 -5.68197e-31 -5.64996e-29 -1.09365e-26 -4.71239e-23 -2.48758e-21 -2.04001e-19 8.36114e-11 1.34609e-09 1.72984e-08 1.7947e-07 1.51799e-06 1.0529e-05 6.11856e-05 0.000296755 0.00948279 0.0517794 0.233034 0.864965 
1.51896 0.459374 0.114884 0.0235419 0.000193116 4.29671e-05 8.02982e-06 1.25089e-06 1.62127e-07 1.72993e-08 1.50407e-09 1.05364e-10 -5.81117e-20 -1.30941e-21 -4.15725e-25 -2.50904e-27 -3.03196e-29 -1.63607e-33 -4.39274e-36 -2.84803e-38 -2.95087e-43 -3.20509e-46 -1.15129e-48 -4.08238e-52 -2.08793e-54 -7.82752e-57 -2.09574e-54 -6.05856e-51 -2.0493e-48 -2.15735e-45 -2.806e-40 -5.24855e-38 -2.28336e-35 -5.70275e-31 -5.66464e-29 -1.09508e-26 -4.7124e-23 -2.48485e-21 5.88053e-12 1.05364e-10 1.50399e-09 1.72983e-08 1.6197e-07 1.24787e-06 7.8933e-06 4.09401e-05 0.00391239 0.0234982 0.114762 0.45924 
0.804997 0.226652 0.0527188 0.0100213 2.45148e-05 4.96335e-06 8.43815e-07 1.19178e-07 1.39804e-08 1.34617e-09 1.05364e-10 6.6305e-12 -1.30636e-21 -4.15212e-25 -2.50904e-27 -3.03566e-29 -1.4884e-33 -2.2197e-36 -2.86398e-38 -2.76152e-43 -1.58636e-46 -1.10501e-48 -2.23655e-54 -9.51179e-58 -1.81877e-60 -5.26264e-63 -3.22285e-60 -8.55821e-57 -5.7138e-51 -1.11074e-48 -2.00888e-45 -2.82171e-40 -2.8928e-38 -2.07098e-35 -5.70938e-31 -5.66499e-29 -1.0938e-26 -4.70135e-23 3.31764e-13 6.6305e-12 1.05364e-10 1.34607e-09 1.39602e-08 1.18985e-07 8.31338e-07 4.81101e-06 0.00153746 0.0100029 0.0526519 0.226519 
0.389176 0.101766 0.0219769 0.00387177 -1.4091e-07 -1.27991e-08 -2.10638e-10 -1.45237e-12 -2.95469e-14 -9.13681e-17 -2.60142e-18 -1.50878e-21 -4.1662e-25 -2.50276e-27 -3.03196e-29 -1.4884e-33 -3.43132e-38 -5.46954e-41 -2.60596e-43 -1.25192e-48 -8.14714e-52 -2.14074e-54 -4.73642e-58 -1.77831e-60 -7.13116e-67 -1.54792e-69 -4.83261e-63 -1.78308e-60 -8.15385e-57 -3.79283e-54 -6.57446e-51 -1.85962e-45 -4.75907e-43 -3.43206e-40 -2.00408e-35 -5.70198e-31 -5.65117e-29 -1.0957e-26 -5.34594e-23 -1.29637e-19 -5.31647e-18 -2.26393e-15 -1.36177e-13 -2.73709e-11 -2.34575e-09 -2.94891e-08 0.000549512 0.00386842 0.021945 0.101681 
0.170072 0.041204 0.00824213 0.00134431 -1.86814e-08 -2.77252e-10 -8.81217e-12 -6.0239e-14 -2.30907e-15 -3.0795e-18 -1.75672e-21 -9.28433e-24 -2.60217e-27 -3.02103e-29 -1.63607e-33 -2.2197e-36 -5.46954e-41 -2.60977e-43 -1.25437e-48 -8.05666e-52 -2.06284e-54 -1.92604e-60 -4.95794e-64 -6.94658e-67 -5.9045e-71 -2.39018e-73 -1.38721e-69 -1.22408e-66 -5.30674e-63 -7.73157e-57 -3.72027e-54 -6.58204e-51 -1.86235e-45 -4.75976e-43 -2.40614e-38 -2.21684e-35 -5.68143e-31 -5.82709e-29 -2.671e-25 -6.24799e-23 -1.50817e-19 -1.59444e-16 -4.82746e-15 -9.35863e-13 -3.58809e-11 -3.32266e-09 0.000176619 0.00134369 0.00823208 0.0411665 
0.0662344 0.0148154 0.00273501 0.000411447 -1.47441e-09 -1.80326e-11 -9.11757e-13 -2.80981e-15 -3.67257e-18 -3.04094e-20 -1.9053e-23 -2.99333e-25 -3.33674e-29 -1.76005e-33 -4.39274e-36 -2.86398e-38 -2.60596e-43 -1.25437e-48 -8.06963e-52 -2.06949e-54 -1.93478e-60 -4.94066e-64 -6.79955e-67 -1.22303e-73 -1.2646e-77 -2.60489e-80 -1.7762e-76 -1.34009e-69 -1.21221e-66 -5.32856e-63 -7.7565e-57 -3.72693e-54 -6.58251e-51 -1.85962e-45 -2.82163e-40 -5.25116e-38 -2.42918e-35 -6.19994e-31 -7.78446e-27 -5.86259e-25 -1.21232e-21 -1.80293e-19 -1.90368e-16 -8.72664e-14 -1.98261e-12 -2.13259e-10 4.98396e-05 0.000411293 0.00273161 0.0148023 
0.0227645 0.00468711 0.000795574 0.000109959 -2.11626e-10 -1.19619e-12 -3.44108e-15 -4.46063e-17 -6.26959e-20 -1.32363e-21 -3.36038e-25 -3.72018e-29 -7.94535e-32 -4.49197e-36 -2.84803e-38 -2.76152e-43 -1.25192e-48 -8.05666e-52 -2.06949e-54 -1.93802e-60 -4.95824e-64 -6.83589e-67 -1.1924e-73 -6.32069e-78 -9.38306e-81 -9.73265e-84 -9.39249e-81 -1.7251e-76 -1.34725e-69 -1.2168e-66 -5.33785e-63 -7.7565e-57 -3.72162e-54 -6.5681e-51 -1.95505e-45 -2.80589e-40 -5.33734e-38 -1.19191e-33 -6.94798e-31 -8.61982e-27 -4.76333e-23 -2.64845e-21 -2.46502e-18 -2.33293e-16 -1.11236e-13 -2.74426e-11 1.22295e-05 0.000109942 0.000794942 0.00468232 
0.00683566 0.00129131 0.000200896 2.54238e-05 -8.95222e-12 -3.54516e-14 -9.19435e-17 -2.60937e-18 -1.53633e-21 -3.80921e-25 -1.28131e-27 -1.61879e-31 -1.39338e-33 -3.0418e-38 -2.95087e-43 -1.58636e-46 -8.14714e-52 -2.06284e-54 -1.93478e-60 -4.95824e-64 -6.84807e-67 -1.16682e-73 -9.62827e-81 -6.08958e-85 -3.34863e-88 -2.61245e-91 -5.82319e-88 -1.00966e-83 -1.66813e-76 -1.34965e-69 -1.21707e-66 -5.32925e-63 -7.73158e-57 -3.74977e-54 -8.98876e-49 -2.10052e-45 -2.96953e-40 -1.89612e-35 -2.64065e-33 -2.66123e-29 -9.81582e-27 -5.42762e-23 -1.30026e-19 -5.33964e-18 -2.66137e-15 -9.41842e-13 2.58661e-06 2.54207e-05 0.000200739 0.00129011 
0.00177479 0.000306818 4.36074e-05 5.03616e-06 -9.65215e-13 -2.89005e-15 -3.12303e-18 -1.78464e-21 -1.0309e-23 -2.61917e-27 -3.04972e-29 -1.50361e-33 -3.27904e-38 -2.79895e-41 -3.20509e-46 -1.10501e-48 -2.14074e-54 -1.92604e-60 -4.94066e-64 -6.83589e-67 -1.16682e-73 -9.64531e-81 -6.07958e-85 -3.31045e-88 -5.48168e-96 -3.15623e-99 -2.49165e-91 -5.79011e-88 -1.01131e-83 -1.66813e-76 -1.34725e-69 -1.21302e-66 -5.30476e-63 -7.97646e-57 -5.71374e-51 -2.02357e-48 -2.1932e-43 -3.21881e-40 -2.02479e-35 -5.7354e-31 -5.8641e-29 -2.92717e-25 -6.33634e-23 -1.52288e-19 -1.94665e-16 -9.12752e-14 4.67081e-07 5.03595e-06 4.35897e-05 0.000306466 
0.000394223 6.21896e-05 8.05296e-06 8.46134e-07 -9.71765e-15 -5.15407e-17 -3.43356e-20 -2.04338e-23 -3.40946e-25 -3.35486e-29 -1.63897e-33 -2.21537e-36 -5.66169e-41 -2.65418e-43 -1.15129e-48 -2.23655e-54 -4.73642e-58 -4.95794e-64 -6.79955e-67 -1.1924e-73 -9.62827e-81 -6.07958e-85 -3.31726e-88 -5.50481e-96 -1.35144e-100 -1.08116e-103 -3.03409e-99 -2.49678e-91 -5.79184e-88 -1.00953e-83 -1.69837e-76 -1.34009e-69 -1.21424e-66 -1.40463e-60 -8.37565e-57 -5.91268e-51 -1.89402e-45 -4.90361e-43 -2.40142e-38 -2.21906e-35 -6.22538e-31 -8.72867e-27 -6.26177e-25 -1.34614e-21 -2.79605e-18 -6.57005e-16 7.13041e-08 8.46106e-07 8.04966e-06 6.21134e-05 
7.41109e-05 1.06446e-05 1.25216e-06 1.19346e-07 -7.06695e-16 -3.1526e-18 -1.54606e-21 -3.87629e-25 -1.39471e-27 -8.45118e-32 -4.48744e-36 -2.85811e-38 -2.78674e-43 -1.20902e-48 -4.08238e-52 -9.51179e-58 -1.77831e-60 -6.94658e-67 -1.22303e-73 -6.32069e-78 -6.08958e-85 -3.31045e-88 -5.50481e-96 -1.35455e-100 -3.97682e-104 -1.57674e-107 -6.87126e-104 -3.03423e-99 -2.49165e-91 -5.79371e-88 -7.10959e-81 -1.74917e-76 -1.36316e-69 -4.83259e-63 -3.19437e-60 -1.67324e-54 -6.24211e-51 -1.97217e-45 -2.81582e-40 -5.33342e-38 -1.2561e-33 -2.8641e-29 -9.96326e-27 -5.44895e-23 -1.53752e-19 -4.2677e-17 9.11009e-09 1.19344e-07 1.25191e-06 1.06263e-05 
1.18154e-05 1.5381e-06 1.63647e-07 1.40869e-08 -5.24625e-17 -3.44529e-20 -1.12839e-23 -2.89155e-27 -3.40283e-29 -1.51146e-33 -3.0282e-38 -2.95435e-43 -1.64309e-46 -8.19945e-52 -2.08793e-54 -1.81877e-60 -7.13116e-67 -5.9045e-71 -1.2646e-77 -9.38306e-81 -3.34863e-88 -5.48168e-96 -1.35144e-100 -3.97682e-104 -1.29194e-112 -3.71836e-116 -1.57673e-107 -6.85798e-104 -3.02156e-99 -2.51356e-91 -9.73245e-84 -1.64925e-80 -9.17325e-74 -1.40561e-69 -4.91784e-63 -7.8256e-57 -3.77619e-54 -9.25968e-49 -2.10204e-45 -2.9546e-40 -2.03355e-35 -6.3146e-31 -6.39518e-29 -3.15252e-25 -1.34905e-21 -2.83687e-18 9.6989e-10 1.40868e-08 1.63608e-07 1.5344e-06 
3.03344e-06 3.58932e-07 3.46001e-08 2.69235e-09 -6.58852e-18 -3.16995e-21 -8.11769e-25 -1.12565e-28 -7.42217e-31 -2.34044e-35 -3.33866e-40 -2.50014e-45 -2.32591e-48 -5.95797e-54 -7.82752e-57 -5.26264e-63 -1.54792e-69 -2.39018e-73 -2.60489e-80 -9.73265e-84 -2.61245e-91 -3.15623e-99 -1.08116e-103 -1.57674e-107 -3.71836e-116 -9.93569e-120 -5.7914e-111 -4.71624e-107 -1.60504e-102 -1.79953e-94 -9.29155e-87 -2.93243e-83 -3.41691e-76 -2.79135e-72 -1.29091e-65 -2.6764e-59 -2.38159e-56 -1.19402e-50 -1.60673e-47 -2.91506e-42 -2.80763e-37 -1.22345e-32 -2.15377e-30 -2.02583e-26 -1.11443e-22 -3.19044e-19 1.67223e-10 2.69233e-09 3.45909e-08 3.57813e-07 
1.18134e-05 1.53808e-06 1.63647e-07 1.40869e-08 -5.47225e-17 -1.62255e-19 -5.78513e-23 -1.04743e-26 -3.45816e-29 -1.53109e-33 -5.42349e-38 -2.81593e-40 -2.02947e-45 -6.39316e-51 -2.09574e-54 -3.22285e-60 -4.83261e-63 -1.38721e-69 -1.7762e-76 -9.39249e-81 -5.82319e-88 -2.49165e-91 -3.03409e-99 -6.87126e-104 -1.57673e-107 -5.7914e-111 -3.15399e-107 -1.54313e-102 -1.72986e-94 -5.00679e-91 -9.74154e-84 -2.33101e-79 -2.49051e-72 -1.2008e-65 -9.76109e-63 -7.85268e-57 -3.00104e-53 -1.30155e-47 -2.51379e-42 -5.79137e-40 -2.05821e-35 -6.40848e-31 -2.4153e-28 -1.82159e-24 -7.06593e-21 -2.96436e-18 9.6989e-10 1.40868e-08 1.63605e-07 1.53407e-06 
7.40987e-05 1.06425e-05 1.25214e-06 1.19346e-07 -8.5858e-16 -3.27679e-18 -1.59787e-21 -6.51168e-25 -9.11994e-27 -6.47676e-31 -2.29162e-35 -2.88709e-38 -4.97649e-43 -1.89406e-45 -6.05856e-51 -8.55821e-57 -1.78308e-60 -1.22408e-66 -1.34009e-69 -1.7251e-76 -1.00966e-83 -5.79011e-88 -2.49678e-91 -3.03423e-99 -6.85798e-104 -4.71624e-107 -1.54313e-102 -1.73342e-94 -4.99001e-91 -9.72187e-87 -2.25314e-79 -2.42026e-72 -2.70542e-69 -4.84461e-63 -2.92071e-59 -2.82703e-53 -1.22752e-47 -3.87665e-45 -2.84219e-40 -2.80119e-37 -1.08129e-32 -2.09553e-28 -1.78599e-26 -5.6206e-23 -1.59307e-19 -5.20845e-17 9.11008e-09 1.19342e-07 1.25156e-06 1.06239e-05 
0.000394129 6.21875e-05 8.05293e-06 8.46133e-07 -9.38361e-14 -2.06278e-16 -1.60658e-19 -6.64046e-23 -3.49324e-25 -5.99894e-29 -5.73617e-31 -2.09164e-35 -3.31484e-40 -2.6734e-43 -2.0493e-48 -5.7138e-51 -8.15385e-57 -5.30674e-63 -1.21221e-66 -1.34725e-69 -1.66813e-76 -1.01131e-83 -5.79184e-88 -2.49165e-91 -3.02156e-99 -1.60504e-102 -1.72986e-94 -4.99001e-91 -9.73819e-87 -2.1902e-79 -2.43319e-72 -2.68952e-69 -1.33263e-65 -2.76676e-59 -2.68937e-53 -1.16498e-50 -1.9067e-45 -2.94465e-42 -2.54146e-37 -9.72857e-33 -1.20373e-30 -8.92946e-27 -2.11325e-24 -6.99624e-21 -1.23803e-17 -7.88573e-15 7.1304e-08 8.46102e-07 8.04931e-06 6.20917e-05 
0.00177437 0.000306724 4.36053e-05 5.03614e-06 -1.04721e-12 -3.07244e-15 -5.52153e-18 -1.30147e-19 -5.69665e-23 -1.01998e-26 -3.11041e-29 -2.69079e-33 -1.89626e-35 -3.05938e-40 -2.15735e-45 -1.11074e-48 -3.79283e-54 -7.73157e-57 -5.32856e-63 -1.2168e-66 -1.34965e-69 -1.66813e-76 -1.00953e-83 -5.79371e-88 -2.51356e-91 -1.79953e-94 -5.00679e-91 -9.72187e-87 -2.1902e-79 -2.43753e-72 -2.69909e-69 -1.33838e-65 -2.64373e-59 -1.57312e-56 -5.74112e-51 -1.39296e-47 -2.7011e-42 -2.33269e-37 -3.9399e-35 -5.84066e-31 -2.36173e-28 -1.80191e-24 -5.80472e-21 -2.86077e-19 -2.06231e-16 -9.83217e-14 4.67079e-07 5.03561e-06 4.35676e-05 0.000306353 
0.00683386 0.00129121 0.000200893 2.54237e-05 -2.88811e-11 -1.18373e-13 -2.44577e-16 -2.75559e-18 -2.72858e-21 -4.76552e-23 -8.9539e-27 -7.19719e-31 -1.41308e-33 -5.42875e-38 -2.806e-40 -2.00888e-45 -6.57446e-51 -3.72027e-54 -7.7565e-57 -5.33785e-63 -1.21707e-66 -1.34725e-69 -1.69837e-76 -7.10959e-81 -9.73245e-84 -9.29155e-87 -9.74154e-84 -2.25314e-79 -2.43319e-72 -2.69909e-69 -1.34063e-65 -2.65226e-59 -1.55114e-56 -3.12982e-53 -1.28918e-47 -2.50492e-42 -5.79639e-40 -1.92087e-35 -1.21074e-32 -2.06291e-28 -1.53895e-24 -1.03001e-22 -1.36725e-19 -1.47945e-17 -9.78724e-15 -3.32402e-12 2.58659e-06 2.54202e-05 0.000200717 0.00128952 
0.0227585 0.00468529 0.000795481 0.000109957 -2.37051e-10 -2.06724e-12 -8.75101e-14 -1.98915e-16 -1.88508e-19 -1.37592e-21 -6.00422e-25 -7.78643e-27 -6.42325e-31 -2.43514e-35 -5.24855e-38 -2.82171e-40 -1.85962e-45 -6.58204e-51 -3.72693e-54 -7.7565e-57 -5.32925e-63 -1.21302e-66 -1.34009e-69 -1.74917e-76 -1.64925e-80 -2.93243e-83 -2.33101e-79 -2.42026e-72 -2.68952e-69 -1.33838e-65 -2.65226e-59 -1.55363e-56 -3.13484e-53 -1.20522e-47 -2.51897e-42 -5.6488e-40 -3.02821e-37 -1.0744e-32 -1.82169e-28 -1.65416e-26 -4.93651e-23 -8.27627e-21 -1.20227e-17 -7.45781e-15 -2.0206e-13 -3.05428e-11 1.22292e-05 0.000109921 0.000794341 0.00468002 
0.0662179 0.0148127 0.0027346 0.000411352 -3.54061e-09 -3.779e-11 -1.01425e-12 -4.9767e-15 -1.59691e-16 -1.57378e-19 -6.51038e-23 -3.07689e-25 -5.95542e-29 -5.68197e-31 -2.28336e-35 -2.8928e-38 -4.75907e-43 -1.86235e-45 -6.58251e-51 -3.72162e-54 -7.73158e-57 -5.30476e-63 -1.21424e-66 -1.36316e-69 -9.17325e-74 -3.41691e-76 -2.49051e-72 -2.70542e-69 -1.33263e-65 -2.64373e-59 -1.55114e-56 -3.13484e-53 -1.20698e-47 -3.73222e-45 -2.84785e-40 -2.79446e-37 -9.63665e-33 -1.19559e-30 -7.98468e-27 -2.07592e-24 -6.89135e-21 -9.84391e-18 -3.555e-16 -9.62723e-14 -4.34371e-12 -5.58015e-10 4.98175e-05 0.00041118 0.0027307 0.0147946 
0.170028 0.0411892 0.0082402 0.00134418 -3.08981e-08 -2.3667e-09 -2.86106e-11 -1.42784e-13 -2.49193e-15 -5.47146e-18 -1.29747e-19 -5.56623e-23 -1.10071e-26 -5.64996e-29 -5.70275e-31 -2.07098e-35 -3.43206e-40 -4.75976e-43 -1.85962e-45 -6.5681e-51 -3.74977e-54 -7.97646e-57 -1.40463e-60 -4.83259e-63 -1.40561e-69 -2.79135e-72 -1.2008e-65 -4.84461e-63 -2.76676e-59 -1.57312e-56 -3.12982e-53 -1.20522e-47 -3.73222e-45 -3.10126e-42 -2.51602e-37 -9.6719e-33 -1.14599e-30 -2.59654e-28 -1.76735e-24 -5.78721e-21 -2.84237e-19 -1.71039e-16 -1.19213e-14 -3.30243e-12 -3.84551e-10 -5.72699e-09 0.000176587 0.00134306 0.00822508 0.0411346 
0.389655 0.101908 0.0220122 0.00388218 2.34951e-06 4.51493e-07 7.09384e-08 9.08833e-09 9.63898e-10 8.36113e-11 5.88053e-12 3.31764e-13 -4.70148e-23 -1.09365e-26 -5.66464e-29 -5.70938e-31 -2.00408e-35 -2.40614e-38 -2.82163e-40 -1.95505e-45 -8.98876e-49 -5.71374e-51 -8.37565e-57 -3.19437e-60 -4.91784e-63 -1.29091e-65 -9.76109e-63 -2.92071e-59 -2.68937e-53 -5.74112e-51 -1.28918e-47 -2.51897e-42 -2.84785e-40 -2.51602e-37 -9.68378e-33 -1.14888e-30 -2.58575e-28 -1.51832e-24 1.48509e-14 3.31764e-13 5.88052e-12 8.36022e-11 9.61486e-10 9.0602e-09 6.8485e-08 4.15139e-07 0.000551496 0.00387371 0.0219753 0.101806 
0.804939 0.226593 0.0526958 0.0100152 2.26902e-05 4.86968e-06 8.41737e-07 1.19153e-07 1.39796e-08 1.34609e-09 1.05364e-10 6.6305e-12 -2.48449e-21 -4.71239e-23 -1.09508e-26 -5.66499e-29 -5.70198e-31 -2.21684e-35 -5.25116e-38 -2.80589e-40 -2.10052e-45 -2.02357e-48 -5.91268e-51 -1.67324e-54 -7.8256e-57 -2.6764e-59 -7.85268e-57 -2.82703e-53 -1.16498e-50 -1.39296e-47 -2.50492e-42 -5.6488e-40 -2.79446e-37 -9.6719e-33 -1.14888e-30 -2.58895e-28 -1.52188e-24 -9.51617e-23 3.31764e-13 6.63049e-12 1.05357e-10 1.34598e-09 1.39571e-08 1.18639e-07 8.09409e-07 4.20585e-06 0.00153515 0.00999186 0.0526121 0.226456 
1.51895 0.459329 0.114835 0.0235252 0.000190383 4.25505e-05 7.93545e-06 1.24879e-06 1.62102e-07 1.72984e-08 1.50399e-09 1.05364e-10 -2.03986e-19 -2.48758e-21 -4.7124e-23 -1.0938e-26 -5.65117e-29 -5.68143e-31 -2.42918e-35 -5.33734e-38 -2.96953e-40 -2.1932e-43 -1.89402e-45 -6.24211e-51 -3.77619e-54 -2.38159e-56 -3.00104e-53 -1.22752e-47 -1.9067e-45 -2.7011e-42 -5.79639e-40 -3.02821e-37 -9.63665e-33 -1.14599e-30 -2.58575e-28 -1.52188e-24 -9.52735e-23 -9.16656e-21 5.88052e-12 1.05357e-10 1.5039e-09 1.72952e-08 1.61622e-07 1.22578e-06 7.77972e-06 4.00283e-05 0.00390464 0.0234646 0.114709 0.459191 
2.66292 0.865012 0.2331 0.0518222 0.00125079 0.000301486 6.16153e-05 1.06154e-05 1.51871e-06 1.79471e-07 1.72984e-08 1.34609e-09 -1.5759e-16 -2.04001e-19 -2.48485e-21 -4.70135e-23 -1.0957e-26 -5.82709e-29 -6.19994e-31 -1.19191e-33 -1.89612e-35 -3.21881e-40 -4.90361e-43 -1.97217e-45 -9.25968e-49 -1.19402e-50 -1.30155e-47 -3.87665e-45 -2.94465e-42 -2.33269e-37 -1.92087e-35 -1.0744e-32 -1.19559e-30 -2.59654e-28 -1.51832e-24 -9.51617e-23 -9.16656e-21 -9.71464e-18 8.36042e-11 1.346e-09 1.72953e-08 1.7912e-07 1.51557e-06 1.04974e-05 6.05533e-05 0.000289769 0.00945091 0.0517182 0.23296 0.864953 
4.45055 1.56126 0.458965 0.113339 0.00727161 0.00192338 0.000440529 8.61608e-05 1.42388e-05 1.9858e-06 2.33407e-07 2.30896e-08 9.63924e-10 8.36114e-11 5.88053e-12 3.31764e-13 -5.34594e-23 -2.671e-25 -7.78446e-27 -6.94798e-31 -2.64065e-33 -2.02479e-35 -2.40142e-38 -2.81582e-40 -2.10204e-45 -1.60673e-47 -2.51379e-42 -2.84219e-40 -2.54146e-37 -3.9399e-35 -1.21074e-32 -1.82169e-28 -7.98468e-27 -1.76735e-24 1.48509e-14 3.31764e-13 5.88052e-12 8.36042e-11 1.92784e-09 2.30864e-08 2.33056e-07 1.98338e-06 1.42037e-05 8.52253e-05 0.000432258 0.00189376 0.0237085 0.113211 0.458894 1.56128 
7.27503 2.78335 0.908958 0.256564 0.0337844 0.009803 0.0024656 0.000535936 9.93724e-05 1.56558e-05 2.09579e-06 2.38637e-07 1.39798e-08 1.34609e-09 1.05364e-10 6.6305e-12 -1.29637e-19 -6.24799e-23 -5.86259e-25 -8.61982e-27 -2.66123e-29 -5.7354e-31 -2.21906e-35 -5.33342e-38 -2.9546e-40 -2.91506e-42 -5.79137e-40 -2.80119e-37 -9.72857e-33 -5.84066e-31 -2.06291e-28 -1.65416e-26 -2.07592e-24 -5.78721e-21 3.31764e-13 6.63049e-12 1.05357e-10 1.346e-09 2.30864e-08 2.38285e-07 2.09336e-06 1.5624e-05 9.87216e-05 0.000528011 0.00244277 0.00973268 0.0638656 0.256494 0.908976 2.7834 
11.9207 5.04088 1.86485 0.614964 0.133829 0.0426998 0.0118604 0.00285228 0.00059264 0.000105565 1.60808e-05 2.09579e-06 1.62103e-07 1.72984e-08 1.50399e-09 1.05364e-10 -5.31647e-18 -1.50817e-19 -1.21232e-21 -4.76333e-23 -9.81582e-27 -5.8641e-29 -6.22538e-31 -1.2561e-33 -2.03355e-35 -2.80763e-37 -2.05821e-35 -1.08129e-32 -1.20373e-30 -2.36173e-28 -1.53895e-24 -4.93651e-23 -6.89135e-21 -2.84237e-19 5.88052e-12 1.05357e-10 1.5039e-09 1.72953e-08 2.33056e-07 2.09336e-06 1.6049e-05 0.000104926 0.000585525 0.00283031 0.0118011 0.0425952 0.184352 0.61498 1.86493 5.04089 
19.7024 9.29903 3.93077 1.5133 0.457435 0.160637 0.0493101 0.0131739 0.00305362 0.000610894 0.000105565 1.56558e-05 1.51872e-06 1.7947e-07 1.72983e-08 1.34607e-09 -2.26393e-15 -1.59444e-16 -1.80293e-19 -2.64845e-21 -5.42762e-23 -2.92717e-25 -8.72867e-27 -2.8641e-29 -6.3146e-31 -1.22345e-32 -6.40848e-31 -2.09553e-28 -8.92946e-27 -1.80191e-24 -1.03001e-22 -8.27627e-21 -9.84391e-18 -1.71039e-16 8.36022e-11 1.34598e-09 1.72952e-08 1.7912e-07 1.98338e-06 1.5624e-05 0.000104926 0.000608463 0.00303363 0.0131165 0.0492205 0.160528 0.535734 1.51338 3.93083 9.29901 
32.3379 17.0667 8.20387 3.62762 1.36252 0.525842 0.17821 0.0527681 0.0136112 0.00304498 0.000592598 9.93592e-05 1.16488e-05 1.51799e-06 1.6197e-07 1.39602e-08 -1.36177e-13 -4.82746e-15 -1.90368e-16 -2.46502e-18 -1.30026e-19 -6.33634e-23 -6.26177e-25 -9.96326e-27 -6.39518e-29 -2.15377e-30 -2.4153e-28 -1.78599e-26 -2.11325e-24 -5.80472e-21 -1.36725e-19 -1.20227e-17 -3.555e-16 -1.19213e-14 9.61486e-10 1.39571e-08 1.61622e-07 1.51557e-06 1.42037e-05 9.87216e-05 0.000585525 0.00303363 0.0135579 0.0526822 0.178117 0.525807 1.4749 3.62769 8.20391 17.0667 
51.2359 30.1153 16.283 8.12159 3.56157 1.50748 0.562673 0.184298 0.0527608 0.0131572 0.00285017 0.000535067 7.36309e-05 1.0529e-05 1.24787e-06 1.18985e-07 -2.73709e-11 -9.35863e-13 -8.72664e-14 -2.33293e-16 -5.33964e-18 -1.52288e-19 -1.34614e-21 -5.44895e-23 -3.15252e-25 -2.02583e-26 -1.82159e-24 -5.6206e-23 -6.99624e-21 -2.86077e-19 -1.47945e-17 -7.45781e-15 -9.62723e-14 -3.30243e-12 9.0602e-09 1.18639e-07 1.22578e-06 1.04974e-05 8.52253e-05 0.000528011 0.00283031 0.0131165 0.0526822 0.184211 0.562651 1.50752 3.71164 8.12163 16.283 30.1153 
76.0997 49.5661 29.844 16.5685 8.21021 3.80265 1.55853 0.562664 0.178193 0.0492856 0.011854 0.00246258 0.000389441 6.11856e-05 7.8933e-06 8.31338e-07 -2.34575e-09 -3.58809e-11 -1.98261e-12 -1.11236e-13 -2.66137e-15 -1.94665e-16 -2.79605e-18 -1.53752e-19 -1.34905e-21 -1.11443e-22 -7.06593e-21 -1.59307e-19 -1.23803e-17 -2.06231e-16 -9.78724e-15 -2.0206e-13 -4.34371e-12 -3.84551e-10 6.8485e-08 8.09409e-07 7.77972e-06 6.05533e-05 0.000432258 0.00244277 0.0118011 0.0492205 0.178117 0.562651 1.55857 3.80273 8.39737 16.5685 29.8441 49.5661 
103.3 74.4115 49.6084 30.4217 16.7523 8.47458 3.80266 1.50747 0.525805 0.160595 0.042673 0.00978538 0.00173674 0.000296755 4.09401e-05 4.81101e-06 -2.94891e-08 -3.32266e-09 -2.13259e-10 -2.74426e-11 -9.41842e-13 -9.12752e-14 -6.57005e-16 -4.2677e-17 -2.83687e-18 -3.19044e-19 -2.96436e-18 -5.20845e-17 -7.88573e-15 -9.83217e-14 -3.32402e-12 -3.05428e-11 -5.58015e-10 -5.72699e-09 4.15139e-07 4.20585e-06 4.00283e-05 0.000289769 0.00189376 0.00973268 0.0425952 0.160528 0.525807 1.50752 3.80273 8.47464 16.9711 30.4217 49.6084 74.4115 
125.334 100.394 74.2047 50.2332 30.5927 16.971 8.39733 3.71155 1.47483 0.535736 0.184426 0.0639431 0.0232109 0.00948279 0.00391239 0.00153746 0.000549512 0.000176619 4.98396e-05 1.22295e-05 2.58661e-06 4.67081e-07 7.13041e-08 9.11009e-09 9.6989e-10 1.67223e-10 9.6989e-10 9.11008e-09 7.1304e-08 4.67079e-07 2.58659e-06 1.22292e-05 4.98175e-05 0.000176587 0.000551496 0.00153515 0.00390464 0.00945091 0.0237085 0.0638656 0.184352 0.535734 1.4749 3.71164 8.39737 16.9711 30.8326 50.2332 74.2047 100.394 
132.065 119.805 99.0773 74.3178 49.9857 30.4217 16.5685 8.12158 3.62762 1.51333 0.614976 0.256528 0.111772 0.0517794 0.0234982 0.0100029 0.00386842 0.00134369 0.000411293 0.000109942 2.54207e-05 5.03595e-06 8.46106e-07 1.19344e-07 1.40868e-08 2.69233e-09 1.40868e-08 1.19342e-07 8.46102e-07 5.03561e-06 2.54202e-05 0.000109921 0.00041118 0.00134306 0.00387371 0.00999186 0.0234646 0.0517182 0.113211 0.256494 0.61498 1.51338 3.62769 8.12163 16.5685 30.4217 50.2332 74.3178 99.0774 119.805 
114.957 124.227 117.791 99.0774 73.9648 49.6084 29.8441 16.283 8.20386 3.9308 1.86486 0.908948 0.4552 0.233034 0.114762 0.0526519 0.021945 0.00823208 0.00273161 0.000794942 0.000200739 4.35897e-05 8.04966e-06 1.25191e-06 1.63608e-07 3.45909e-08 1.63605e-07 1.25156e-06 8.04931e-06 4.35676e-05 0.000200717 0.000794341 0.0027307 0.00822508 0.0219753 0.0526121 0.114709 0.23296 0.458894 0.908976 1.86493 3.93083 8.20391 16.283 29.8441 49.6084 74.2047 99.0774 117.791 124.227 
71.3988 108.094 124.227 119.805 100.176 74.4115 49.5661 30.1153 17.0667 9.299 5.04082 2.78333 1.55302 0.864965 0.45924 0.226519 0.101681 0.0411665 0.0148023 0.00468232 0.00129011 0.000306466 6.21134e-05 1.06263e-05 1.5344e-06 3.57813e-07 1.53407e-06 1.06239e-05 6.20917e-05 0.000306353 0.00128952 0.00468002 0.0147946 0.0411346 0.101806 0.226456 0.459191 0.864953 1.56128 2.7834 5.04089 9.29901 17.0667 30.1153 49.5661 74.4115 100.394 119.805 124.227 108.094 

24.0718 23.0436 19.3235 11.3366 -2.14182 -13.0372 -25.4339 0.663627 0.805967 0.924159 1.00212 1.02876 1.00015 0.920253 0.80044 0.656829 0.506971 0.36662 0.247272 0.154762 0.0893505 0.0472936 0.0228112 0.010032 0.00428526 0.00268955 0.00428526 0.010032 0.0228111 0.0472928 0.0893469 0.154733 0.247239 0.366531 0.50683 0.656712 0.800409 0.920289 1.00019 1.02889 1.00226 0.924244 0.806016 -45.723 -37.844 -24.939 -14.8176 0.722327 9.57899 13.7932 
23.0436 20.4465 13.2451 -0.919628 -15.4455 -30.5287 -41.2806 0.00122425 0.000850859 0.000313552 -0.000352097 -0.000909001 -0.00118074 -0.00110761 -0.00084407 -0.0004706 -0.000205697 -7.23513e-05 -2.45099e-05 -5.32984e-06 -1.44459e-06 -1.9613e-07 -4.05698e-08 -3.85512e-09 -6.81574e-10 -1.88988e-10 -7.20481e-10 -8.01222e-09 -4.46944e-08 -3.84298e-07 -1.63483e-06 -8.95104e-06 -2.99582e-05 -0.000101825 -0.000275827 -0.000587507 -0.000934122 -0.00122473 -0.00119301 -0.000798906 -0.000168589 0.000460996 0.000926402 -43.8158 -49.6854 -38.0803 -38.0346 -13.9524 1.4244 9.40039 
19.3235 13.2451 -0.265958 -22.8634 -30.5303 -44.511 -42.7353 8.34336e-05 -0.000154789 -0.00061144 -0.0010568 -0.00119372 -0.000995751 -0.000633759 -0.000319607 -0.000127685 -3.14717e-05 -7.512e-06 -1.45674e-06 -1.96616e-07 -3.80919e-08 -3.18399e-09 -4.78718e-10 -2.91801e-11 -3.86655e-12 -8.1296e-13 -4.06996e-12 -6.87156e-11 -5.29366e-10 -7.30629e-09 -4.36302e-08 -3.82953e-07 -2.28875e-06 -1.13684e-05 -6.05287e-05 -0.000173612 -0.000416501 -0.000787502 -0.00113354 -0.00120554 -0.000937726 -0.000426638 -3.46251e-05 -14.4919 -45.9368 -46.9498 -65.4169 -35.6204 -11.9141 2.53778 
11.3366 -0.919628 -22.8634 -51.8974 -41.2823 -42.7356 -15.945 -0.000292622 -0.000678943 -0.0010978 -0.00116694 -0.000905754 -0.000521214 -0.000228805 -8.06323e-05 -2.17172e-05 -4.10922e-06 -9.32674e-07 -5.00205e-08 -5.38749e-09 -5.62411e-10 -4.00811e-11 -3.21721e-12 -1.9799e-13 -1.74055e-14 -3.15642e-15 -2.1736e-14 -3.62786e-13 -4.95723e-12 -7.92419e-11 -8.71408e-10 -9.53323e-09 -2.38611e-07 -1.19957e-06 -7.74459e-06 -3.37911e-05 -0.000113848 -0.00032645 -0.000666549 -0.00104405 -0.00122642 -0.000977678 -0.000530876 43.2834 -15.08 -41.448 -85.8036 -61.8823 -31.9883 -8.9725 
-2.14182 -15.4455 -30.5303 -41.2823 -0.000210966 -0.000247611 -0.000395524 -0.000750766 -0.00108984 -0.00112015 -0.000831478 -0.000436464 -0.000178945 -5.28677e-05 -1.55545e-05 -1.81021e-06 -2.80161e-07 -3.70928e-08 -2.91795e-09 -4.21135e-10 -1.81222e-11 -2.01298e-12 -3.34714e-14 -2.99524e-15 7.1237e-17 4.24425e-18 -2.40737e-16 -3.29852e-15 -2.01439e-13 -2.17671e-12 -5.79186e-11 -4.71907e-10 -7.04424e-09 -6.14898e-08 -4.72349e-07 -5.45445e-06 -2.10134e-05 -8.63285e-05 -0.000250562 -0.000582462 -0.00097004 -0.00117943 -0.00100805 -0.000605924 -0.000291754 -0.000161747 -43.8172 -49.687 -38.0819 -21.5093 
-13.0372 -30.5287 -44.511 -42.7356 -0.000247611 -0.000444417 -0.000735303 -0.00104043 -0.00101888 -0.000741525 -0.000369772 -0.00013713 -3.46651e-05 -6.98834e-06 -1.27806e-06 -1.44378e-07 -2.5293e-08 -4.96749e-10 -2.56959e-11 -8.12129e-13 1.30745e-13 1.55825e-14 1.75485e-15 1.25163e-16 7.43543e-18 6.74765e-19 7.18027e-18 1.24915e-16 1.44589e-15 1.52183e-14 -3.48352e-14 -2.55145e-12 -6.51507e-11 -4.66943e-09 -3.08676e-08 -3.31444e-07 -2.11008e-06 -1.24831e-05 -6.42798e-05 -0.000209052 -0.000516178 -0.000880165 -0.00111174 -0.000960288 -0.000621437 -0.000301869 -14.4922 -45.9371 -46.9498 -31.7218 
